./get_open_times 20151014 1
BC   20151014 0800 1630 20151014 0300 20151014 1130
C    20151014 0830 1315 20151014 0930 20151014 1415
CD   20151014 0720 1400 20151014 0920 20151014 1500
CGB  20151014 0820 1500 20151014 0820 20151014 1500
CL   20151014 0900 1400 20151014 0900 20151014 1400
DAX  20151014 0900 1730 20151014 0300 20151014 1130
EC   20151014 0720 1400 20151014 0820 20151014 1500
ED   20151014 0720 1400 20151014 0820 20151014 1500
ES   20151014 0830 1515 20151014 0930 20151014 1615
ESX  20151014 0900 1730 20151014 0300 20151014 1130
GBL  20151014 0800 1715 20151014 0200 20151014 1115
GC   20151014 0820 1330 20151014 0820 20151014 1330
HG   20151014 0810 1300 20151014 0810 20151014 1300
HS   20151014 0915 1615 20151013 2115 20151014 0415
JY   20151014 0720 1400 20151014 0820 20151014 1500
KC   20151014 0720 1400 20151014 0820 20151014 1500
LC   20151014 0905 1300 20151014 1005 20151014 1400
LEU  20151014 0700 1615 20151014 0200 20151014 1115
LFT  20151014 0800 1635 20151014 0300 20151014 1135
LLG  20151014 0800 1615 20151014 0300 20151014 1115
NG   20151014 0900 1430 20151014 0900 20151014 1430
NQ   20151014 0830 1515 20151014 0930 20151014 1615
SNI  20151014 0745 1430 20151013 1945 20151014 0230
STW  20151014 0845 1350 20151013 2045 20151014 0150
TY   20151014 0720 1400 20151014 0820 20151014 1500
W    20151014 0830 1315 20151014 0930 20151014 1415

./get_open_times 20151014 0
SNI  20151014 0745 1430 20151013 1945 20151014 0230
STW  20151014 0845 1350 20151013 2045 20151014 0150
HS   20151014 0915 1615 20151013 2115 20151014 0415
LEU  20151014 0700 1615 20151014 0200 20151014 1115
GBL  20151014 0800 1715 20151014 0200 20151014 1115
LLG  20151014 0800 1615 20151014 0300 20151014 1115
BC   20151014 0800 1630 20151014 0300 20151014 1130
DAX  20151014 0900 1730 20151014 0300 20151014 1130
ESX  20151014 0900 1730 20151014 0300 20151014 1130
LFT  20151014 0800 1635 20151014 0300 20151014 1135
HG   20151014 0810 1300 20151014 0810 20151014 1300
CGB  20151014 0820 1500 20151014 0820 20151014 1500
TY   20151014 0720 1400 20151014 0820 20151014 1500
ED   20151014 0720 1400 20151014 0820 20151014 1500
JY   20151014 0720 1400 20151014 0820 20151014 1500
EC   20151014 0720 1400 20151014 0820 20151014 1500
GC   20151014 0820 1330 20151014 0820 20151014 1330
KC   20151014 0720 1400 20151014 0820 20151014 1500
NG   20151014 0900 1430 20151014 0900 20151014 1430
CL   20151014 0900 1400 20151014 0900 20151014 1400
CD   20151014 0720 1400 20151014 0920 20151014 1500
NQ   20151014 0830 1515 20151014 0930 20151014 1615
ES   20151014 0830 1515 20151014 0930 20151014 1615
W    20151014 0830 1315 20151014 0930 20151014 1415
C    20151014 0830 1315 20151014 0930 20151014 1415
LC   20151014 0905 1300 20151014 1005 20151014 1400

# patrick format: HHMMSS
get_open_times_patrick.pl 20151015 1
BC  20151015 080000 163000 20151015 030000 20151015 113000 
C   20151015 083000 131500 20151015 093000 20151015 141500 
CD  20151015 072000 140000 20151015 092000 20151015 150000 
CGB 20151015 082000 150000 20151015 082000 20151015 150000 
CL  20151015 090000 140000 20151015 090000 20151015 140000 
DAX 20151015 090000 173000 20151015 030000 20151015 113000 
EC  20151015 072000 140000 20151015 082000 20151015 150000 
ED  20151015 072000 140000 20151015 082000 20151015 150000 
ES  20151015 083000 151500 20151015 093000 20151015 161500 
ESX 20151015 090000 173000 20151015 030000 20151015 113000 
GBL 20151015 080000 171500 20151015 020000 20151015 111500 
GC  20151015 082000 133000 20151015 082000 20151015 133000 
HG  20151015 081000 130000 20151015 081000 20151015 130000 
HS  20151015 091500 161500 20151014 211500 20151015 041500 
JY  20151015 072000 140000 20151015 082000 20151015 150000 
KC  20151015 072000 140000 20151015 082000 20151015 150000 
LC  20151015 090500 130000 20151015 100500 20151015 140000 
LEU 20151015 070000 161500 20151015 020000 20151015 111500 
LFT 20151015 080000 163500 20151015 030000 20151015 113500 
LLG 20151015 080000 161500 20151015 030000 20151015 111500 
NG  20151015 090000 143000 20151015 090000 20151015 143000 
NQ  20151015 083000 151500 20151015 093000 20151015 161500 
SNI 20151015 074500 143000 20151014 194500 20151015 023000 
STW 20151015 084500 135000 20151014 204500 20151015 015000 
TY  20151015 072000 140000 20151015 082000 20151015 150000 
W   20151015 083000 131500 20151015 093000 20151015 141500 



get_open_times_patrick.pl 20151016 1 >open_times.txt.20151016

