BC  20151016 080000 163000 20151016 030000 20151016 113000 
C   20151016 083000 131500 20151016 093000 20151016 141500 
CD  20151016 072000 140000 20151016 082000 20151016 150000 
CGB 20151016 082000 150000 20151016 082000 20151016 150000 
CL  20151016 090000 143000 20151016 090000 20151016 143000 
DAX 20151016 090000 173000 20151016 030000 20151016 113000 
EC  20151016 072000 140000 20151016 082000 20151016 150000 
ED  20151016 072000 140000 20151016 082000 20151016 150000 
ES  20151016 083000 151500 20151016 093000 20151016 161500 
ESX 20151016 090000 173000 20151016 030000 20151016 113000 
GBL 20151016 080000 171500 20151016 020000 20151016 111500 
GC  20151016 082000 133000 20151016 082000 20151016 133000 
HG  20151016 081000 130000 20151016 081000 20151016 130000 
HS  20151016 091500 161500 20151015 211500 20151016 041500 
JY  20151016 072000 140000 20151016 082000 20151016 150000 
KC  20151016 083000 133000 20151016 083000 20151016 133000 
LC  20151016 090500 130000 20151016 100500 20151016 140000 
LEU 20151016 070000 161500 20151016 020000 20151016 111500 
LFT 20151016 080000 163500 20151016 030000 20151016 113500 
LLG 20151016 080000 161500 20151016 030000 20151016 111500 
NG  20151016 090000 143000 20151016 090000 20151016 143000 
NQ  20151016 083000 151500 20151016 093000 20151016 161500 
SNI 20151016 074500 143000 20151015 194500 20151016 023000 
STW 20151016 084500 135000 20151015 204500 20151016 015000 
TY  20151016 072000 140000 20151016 082000 20151016 150000 
W   20151016 083000 131500 20151016 093000 20151016 141500 
